%YAML:1.0
---
model_type: PINHOLE
camera_name: camera
image_width: 960
image_height: 600
distortion_parameters:
   k1: 0.0
   k2: 0.0
   p1: 0.0
   p2: 0.0
projection_parameters:
   fx: 365.5749206542969
   fy: 365.5749206542969
   cx: 494.1604309082031
   cy: 301.70904541015625
